1541464946773 1
1541464955129 101
1541464955399 201
1541464955653 301
1541464955900 401
1541464956153 501
1541464956404 601
1541464956625 701
1541464956822 801
1541464957040 901
1541464957269 1001
1541464957499 1101
1541464958044 1201
1541464958281 1301
1541464958530 1401
1541464958766 1501
1541464959009 1601
1541464959251 1701
1541464959499 1801
1541464959742 1901
1541464959985 2001
1541464960223 2101
1541464960458 2201
1541464960705 2301
1541464960984 2401
1541464961257 2501
1541464961528 2601
1541464961798 2701
1541464966907 2801
1541464967190 2901
1541464967466 3001
1541464967757 3101
1541464967985 3201
1541464968199 3301
1541464968451 3401
1541464968686 3501
1541464968975 3601
1541464969266 3701
1541464969544 3801
1541464969834 3901
1541464970114 4001
1541464970368 4101
1541464971259 4201
1541464971514 4301
1541464971793 4401
1541464972075 4501
1541464972363 4601
1541464972646 4701
1541464972924 4801
1541464973200 4901
1541464974300 5001
1541464975357 5101
1541464976469 5201
1541464977581 5301
1541464978693 5401
1541464979804 5501
1541464980915 5601
1541464982023 5701
1541464983134 5801
1541464984245 5901
1541464985355 6001
1541464986466 6101
1541464987576 6201
1541464988687 6301
1541464989797 6401
1541464990908 6501
1541464992018 6601
1541464993129 6701
1541464994239 6801
1541464995350 6901
1541464996461 7001
1541464997571 7101
1541464998681 7201
1541464999792 7301
1541465000903 7401
1541465002013 7501
1541465003124 7601
1541465004257 7701
1541465005367 7801
1541465006478 7901
1541465007588 8001
